0
525
5145
5355
5565
5775
5985
50085
50295
50505
50715
50925
51135
51345
51555
51765
51975
52185
52395
52605
52815
53025
53235
53445
53655
53865
54075
54285
54495
54705
54915
55125
55335
55545
55755
55965
56175
56385
56595
56805
57015
57225
57435
57645
57855
58065
58275
58485
58695
58905
59115
59325
59535
59745
59955
500115
500325
500535
500745
500955
501165
501375
501585
501795
502005
502215
502425
502635
502845
503055
503265
503475
503685
503895
504105
504315
504525
504735
504945
505155
505365
505575
505785
505995
506205
506415
506625
506835
507045
507255
507465
507675
507885
508095
508305
508515
508725
508935
509145
509355
509565
509775
509985
510195
510405
510615
510825
511035
511245
511455
511665
511875
512085
512295
512505
512715
512925
513135
513345
513555
513765
513975
514185
514395
514605
514815
515025
515235
515445
515655
515865
516075
516285
516495
516705
516915
517125
517335
517545
517755
517965
518175
518385
518595
518805
519015
519225
519435
519645
519855
520065
520275
520485
520695
520905
521115
521325
521535
521745
521955
522165
522375
522585
522795
523005
523215
523425
523635
523845
524055
524265
524475
524685
524895
525105
525315
525525
525735
525945
526155
526365
526575
526785
526995
527205
527415
527625
527835
528045
528255
528465
528675
528885
529095
529305
529515
529725
529935
530145
530355
530565
530775
530985
531195
531405
531615
531825
532035
532245
532455
532665
532875
533085
533295
533505
533715
533925
534135
534345
534555
534765
534975
535185
535395
535605
535815
536025
536235
536445
536655
536865
537075
537285
537495
537705
537915
538125
538335
538545
538755
538965
539175
539385
539595
539805
540015
540225
540435
540645
540855
541065
541275
541485
541695
541905
542115
542325
542535
542745
542955
543165
543375
543585
543795
544005
544215
544425
544635
544845
545055
545265
545475
545685
545895
546105
546315
546525
546735
546945
547155
547365
547575
547785
547995
548205
548415
548625
548835
549045
549255
549465
549675
549885
550095
550305
550515
550725
550935
551145
551355
551565
551775
551985
552195
552405
552615
552825
553035
553245
553455
553665
553875
554085
554295
554505
554715
554925
555135
555345
555555
555765
555975
556185
556395
556605
556815
557025
557235
557445
557655
557865
558075
558285
558495
558705
558915
559125
559335
559545
559755
559965
560175
560385
560595
560805
561015
561225
561435
561645
561855
562065
562275
562485
562695
562905
563115
563325
563535
563745
563955
564165
564375
564585
564795
565005
565215
565425
565635
565845
566055
566265
566475
566685
566895
567105
567315
567525
567735
567945
568155
568365
568575
568785
568995
569205
569415
569625
569835
570045
570255
570465
570675
570885
571095
571305
571515
571725
571935
572145
572355
572565
572775
572985
573195
573405
573615
573825
574035
574245
574455
574665
574875
575085
575295
575505
575715
575925
576135
576345
576555
576765
576975
577185
577395
577605
577815
578025
578235
578445
578655
578865
579075
579285
579495
579705
579915
580125
580335
580545
580755
580965
581175
581385
581595
581805
582015
582225
582435
582645
582855
583065
583275
583485
583695
583905
584115
584325
584535
584745
584955
585165
585375
585585
585795
586005
586215
586425
586635
586845
587055
587265
587475
587685
587895
588105
588315
588525
588735
588945
589155
589365
589575
589785
589995
590205
590415
590625
590835
591045
591255
591465
591675
591885
592095
592305
592515
592725
592935
593145
593355
593565
593775
593985
594195
594405
594615
594825
595035
595245
595455
595665
595875
596085
596295
596505
596715
596925
597135
597345
597555
597765
597975
598185
598395
598605
598815
599025
599235
599445
599655
599865
